# Created by Octave 3.8.1, Thu May 12 16:27:47 2016 PDT <adrian@adrian-270E5J>
# name: lbs
# type: matrix
# rows: 8
# columns: 8
 1.502994159357935 1.50304748818525 1.503048075642119 1.503048082386581 1.503048082473801 1.503048082475291 1.503048082475331 1.503048082475334
 1.503011695248524 1.503047681314662 1.503048077857852 1.503048082415176 1.503048082474289 1.503048082475304 1.50304808247533 1.503048082475336
 1.503020823535072 1.503047781913656 1.50304807901435 1.503048082430191 1.503048082474546 1.503048082475311 1.503048082475333 0
 1.503026272303264 1.503047841988783 1.503048079705953 1.503048082439205 1.503048082474703 1.503048082475315 1.503048082475334 0
 1.503029907515852 1.503047882071291 1.503048080167501 1.503048082445225 1.503048082474808 1.503048082475319 0 0
 1.503032503898606 1.503047910700014 1.503048080497181 1.503048082449525 1.503048082474882 1.503048082475322 0 0
 1.503034451212931 1.503047932171916 1.503048080744448 1.503048082452751 1.503048082474939 0 0 0
 1.503035965791208 1.503047948872287 1.503048080936768 1.50304808245526 1.503048082474984 0 0 0


