# Created by Octave 3.8.1, Tue May 31 16:46:06 2016 PDT <adrian@adrian-270E5J>
# name: friedland_eigenvalues
# type: matrix
# rows: 27
# columns: 1
 2.414213562373095
 3.631381260403638
 5.457705395965834
 8.203259193755024
 12.32988221531524
 18.53240737754881
 27.85509909631079
 41.8675533182809
 62.92894572518782
 94.58523120497367
 142.1661503928411
 213.6825597408456
 321.1751616768836
 482.7417108971418
 725.5840028948091
 1090.587644225818
 1639.205667424906
 2463.804935205702
 3703.217283454192
 5566.113636885331
 8366.136428760296
 12574.70531697519
 18900.38671437192
 28408.19000907896
 42698.87551974102
 64178.46297379964
 96463.31570898366


