# Created by Octave 3.8.1, Mon Jun 06 12:59:51 2016 PDT <adrian@adrian-270E5J>
# name: results_1
# type: matrix
# rows: 2
# columns: 26
 0.4082395013885809 0.4074153558667903 0.4075030936809885 0.4074942264833392 0.4074951852580103 0.4074950913463221 0.4074951020825796 0.4074951011369297 0.4074951012663537 0.4074951012587138 0.4074951012606232 0.4074951012606408 0.4074951012606817 0.4074951012606869 0.4074951012606868 0.4074951012606886 0.4074951012606875 0.4074951012606894 0.4074951012606875 0.4074951012606883 0.4074951012606876 0.4074951012606867 0.4074951012606881 0.4074951012606899 0.4074951012606878 0.4074951012606859
 0.06489458424238113 0.06736702080775281 0.0670160695509603 0.0670604055392072 0.06705465289118037 0.06705531027299827 0.06705522438293784 0.0670552328937868 0.06705523159954657 0.06705523168358593 0.06705523166067277 0.06705523166044529 0.06705523165987161 0.06705523165979344 0.0670552316597952 0.06705523165976499 0.06705523165978537 0.06705523165974733 0.06705523165978626 0.06705523165976862 0.06705523165978459 0.06705523165980752 0.06705523165977384 0.06705523165972598 0.0670552316597809 0.06705523165983589


# name: results_2
# type: matrix
# rows: 2
# columns: 26
 1.504167368206691 1.502928226093009 1.503060095515345 1.503046767643491 1.503048208727352 1.503048067573564 1.503048083710675 1.503048082289317 1.503048082483847 1.503048082472366 1.503048082475234 1.503048082475262 1.503048082475323 1.50304808247533 1.503048082475331 1.503048082475333 1.503048082475332 1.503048082475333 1.503048082475332 1.503048082475332 1.503048082475333 1.503048082475332 1.503048082475332 1.503048082475332 1.503048082475332 1.503048082475332
 1.067046534936322 1.069688003892873 1.069312661410842 1.069360071495406 1.069353919860995 1.069354622835053 1.069354530988121 1.069354540089244 1.069354538705241 1.069354538795092 1.069354538770608 1.069354538770351 1.069354538769742 1.069354538769668 1.069354538769657 1.069354538769636 1.069354538769646 1.069354538769634 1.069354538769647 1.069354538769642 1.069354538769635 1.069354538769649 1.069354538769645 1.069354538769645 1.069354538769648 1.069354538769641


# name: exped_results
# type: matrix
# rows: 2
# columns: 26
 1.504167368206691 1.502928226093009 1.503060095515346 1.503046767643491 1.503048208727352 1.503048067573564 1.503048083710675 1.503048082289318 1.503048082483848 1.503048082472365 1.503048082475235 1.503048082475261 1.503048082475323 1.503048082475331 1.503048082475331 1.503048082475333 1.503048082475331 1.503048082475335 1.503048082475331 1.503048082475333 1.503048082475332 1.50304808247533 1.503048082475332 1.503048082475335 1.503048082475332 1.503048082475329
 1.067046534936322 1.069688003892873 1.069312661410841 1.069360071495409 1.069353919860998 1.069354622835052 1.069354530988123 1.069354540089238 1.069354538705237 1.069354538795104 1.069354538770602 1.069354538770359 1.069354538769745 1.069354538769662 1.069354538769664 1.069354538769631 1.069354538769653 1.069354538769612 1.069354538769654 1.069354538769635 1.069354538769652 1.069354538769677 1.069354538769641 1.06935453876959 1.069354538769648 1.069354538769707


