# Created by Octave 3.8.1, Fri May 27 14:53:03 2016 PDT <adrian@adrian-270E5J>
# name: upper_bound_eigs
# type: matrix
# rows: 1
# columns: 20
 1 2.414213562373094 3.302775637731995 5.156325174658662 7.637519478750676 11.55170956604814 17.31622927332786 26.05798609193972 39.14578184202811 58.85193508152283 88.44780432952042 132.9477940474849 199.8224640440178 300.3458520273545 451.4321236042306 678.5256693463323 1019.855674771111 1532.892835974572 2304.011134761564 3463.03987027233


