# Created by Octave 4.0.0, Thu May 05 18:05:05 2016 PDT <arman@Arman-Lioness>

# name: capacities
# type: matrix
# rows: 1
# columns: 8
 1.553773974030037 1.506902225901812 1.503514809475903 1.503116374821042 1.503059160303376 1.503050000124952 1.503048429581555 1.503048147377047

# name: upper_bound_eigs
# type: matrix
# rows: 1
# columns: 8
 2.414213562373095 5.156325174658662 11.55170956604815 26.05798609193971 58.8519350815228 132.947794047485 300.345852027355 678.5256693463325


