# Created by Octave 3.8.1, Thu Jul 14 16:26:22 2016 PDT <adrian@adrian-270E5J>
# name: checkboard_results
# type: cell
# rows: 3
# columns: 1
# name: <cell-element>
# type: matrix
# rows: 21
# columns: 21
 1.100943234373782 1.100943234373799 1.100943234373805 1.100943234373806 1.100943234373807 1.100943234373807 1.100943234373807 1.100943234373807 1.100943234373808 1.100943234373808 1.100943234373808 1.100943234373808 1.100943234373808 1.100943234373808 1.100943234373808 1.100943234373807 1.100943234373807 1.100943234373807 1.100943234373807 1.100943234373808 1.100943234373807
 1.100943234373747 1.100943234373764 1.100943234373769 1.100943234373771 1.100943234373772 1.100943234373772 1.100943234373772 1.100943234373772 1.100943234373772 1.100943234373772 1.100943234373772 1.100943234373772 1.100943234373772 1.100943234373772 1.100943234373772 1.100943234373772 1.100943234373772 1.100943234373772 1.100943234373772 1.100943234373772 1.100943234373772
 1.100943234373738 1.100943234373755 1.10094323437376 1.100943234373762 1.100943234373763 1.100943234373763 1.100943234373763 1.100943234373763 1.100943234373763 1.100943234373763 1.100943234373763 1.100943234373763 1.100943234373764 1.100943234373763 1.100943234373763 1.100943234373763 1.100943234373763 1.100943234373763 1.100943234373763 1.100943234373764 1.100943234373764
 1.100943234373734 1.100943234373751 1.100943234373756 1.100943234373758 1.100943234373758 1.100943234373758 1.100943234373759 1.100943234373759 1.100943234373759 1.100943234373759 1.100943234373759 1.100943234373759 1.100943234373759 1.100943234373759 1.100943234373759 1.100943234373759 1.100943234373759 1.100943234373759 1.100943234373759 1.100943234373759 1.100943234373758
 1.100943234373733 1.100943234373749 1.100943234373755 1.100943234373757 1.100943234373757 1.100943234373757 1.100943234373757 1.100943234373758 1.100943234373758 1.100943234373758 1.100943234373757 1.100943234373757 1.100943234373758 1.100943234373758 1.100943234373758 1.100943234373758 1.100943234373757 1.100943234373757 1.100943234373757 1.100943234373757 1.100943234373757
 1.100943234373733 1.10094323437375 1.100943234373756 1.100943234373758 1.100943234373758 1.100943234373758 1.100943234373758 1.100943234373758 1.100943234373758 1.100943234373758 1.100943234373758 1.100943234373758 1.100943234373758 1.100943234373758 1.100943234373758 1.100943234373758 1.100943234373758 1.100943234373758 1.100943234373758 1.100943234373758 1.100943234373758
 1.100943234373732 1.100943234373749 1.100943234373754 1.100943234373756 1.100943234373757 1.100943234373757 1.100943234373757 1.100943234373757 1.100943234373757 1.100943234373757 1.100943234373757 1.100943234373757 1.100943234373757 1.100943234373757 1.100943234373757 1.100943234373757 1.100943234373757 1.100943234373757 1.100943234373757 1.100943234373757 1.100943234373757
 1.100943234373732 1.100943234373749 1.100943234373755 1.100943234373756 1.100943234373757 1.100943234373757 1.100943234373758 1.100943234373758 1.100943234373757 1.100943234373757 1.100943234373757 1.100943234373758 1.100943234373758 1.100943234373757 1.100943234373758 1.100943234373757 1.100943234373757 1.100943234373757 1.100943234373757 1.100943234373757 1.100943234373757
 1.100943234373732 1.100943234373749 1.100943234373754 1.100943234373756 1.100943234373757 1.100943234373757 1.100943234373757 1.100943234373757 1.100943234373757 1.100943234373757 1.100943234373757 1.100943234373757 1.100943234373757 1.100943234373756 1.100943234373757 1.100943234373757 1.100943234373757 1.100943234373757 1.100943234373757 1.100943234373757 1.100943234373757
 1.100943234373732 1.100943234373749 1.100943234373755 1.100943234373757 1.100943234373757 1.100943234373758 1.100943234373758 1.100943234373757 1.100943234373757 1.100943234373757 1.100943234373758 1.100943234373758 1.100943234373757 1.100943234373757 1.100943234373758 1.100943234373757 1.100943234373758 1.100943234373758 1.100943234373758 1.100943234373758 1.100943234373758
 1.100943234373733 1.10094323437375 1.100943234373756 1.100943234373758 1.100943234373758 1.100943234373758 1.100943234373759 1.100943234373758 1.100943234373759 1.100943234373759 1.100943234373759 1.100943234373759 1.100943234373759 1.100943234373759 1.100943234373759 1.100943234373759 1.10094323437376 1.100943234373759 1.10094323437376 1.10094323437376 1.10094323437376
 1.100943234373732 1.100943234373749 1.100943234373755 1.100943234373756 1.100943234373757 1.100943234373758 1.100943234373758 1.100943234373758 1.100943234373758 1.100943234373758 1.100943234373758 1.100943234373758 1.100943234373758 1.100943234373758 1.100943234373758 1.100943234373758 1.100943234373758 1.100943234373758 1.100943234373757 1.100943234373758 1.100943234373758
 1.100943234373732 1.100943234373749 1.100943234373754 1.100943234373756 1.100943234373756 1.100943234373757 1.100943234373757 1.100943234373757 1.100943234373757 1.100943234373757 1.100943234373757 1.100943234373757 1.100943234373757 1.100943234373757 1.100943234373757 1.100943234373757 1.100943234373757 1.100943234373756 1.100943234373757 1.100943234373757 1.100943234373756
 1.100943234373732 1.100943234373749 1.100943234373755 1.100943234373756 1.100943234373757 1.100943234373757 1.100943234373757 1.100943234373757 1.100943234373757 1.100943234373757 1.100943234373757 1.100943234373757 1.100943234373757 1.100943234373757 1.100943234373757 1.100943234373757 1.100943234373757 1.100943234373757 1.100943234373757 1.100943234373757 1.100943234373757
 1.100943234373732 1.100943234373749 1.100943234373755 1.100943234373756 1.100943234373757 1.100943234373758 1.100943234373757 1.100943234373757 1.100943234373757 1.100943234373757 1.100943234373757 1.100943234373757 1.100943234373757 1.100943234373757 1.100943234373757 1.100943234373757 1.100943234373757 1.100943234373757 1.100943234373758 1.100943234373757 1.100943234373758
 1.100943234373732 1.100943234373749 1.100943234373755 1.100943234373756 1.100943234373757 1.100943234373758 1.100943234373758 1.100943234373758 1.100943234373757 1.100943234373758 1.100943234373758 1.100943234373758 1.100943234373758 1.100943234373758 1.100943234373758 1.100943234373758 1.100943234373758 1.100943234373758 1.100943234373758 1.100943234373758 1.100943234373758
 1.100943234373732 1.100943234373749 1.100943234373755 1.100943234373756 1.100943234373757 1.100943234373757 1.100943234373758 1.100943234373758 1.100943234373758 1.100943234373758 1.100943234373758 1.100943234373758 1.100943234373757 1.100943234373758 1.100943234373758 1.100943234373758 1.100943234373757 1.100943234373758 1.100943234373757 1.100943234373757 1.100943234373757
 1.100943234373732 1.100943234373749 1.100943234373755 1.100943234373756 1.100943234373757 1.100943234373757 1.100943234373757 1.100943234373757 1.100943234373757 1.100943234373757 1.100943234373757 1.100943234373757 1.100943234373757 1.100943234373757 1.100943234373757 1.100943234373757 1.100943234373757 1.100943234373757 1.100943234373757 1.100943234373757 1.100943234373757
 1.100943234373731 1.100943234373748 1.100943234373754 1.100943234373755 1.100943234373756 1.100943234373756 1.100943234373756 1.100943234373756 1.100943234373756 1.100943234373756 1.100943234373756 1.100943234373756 1.100943234373756 1.100943234373756 1.100943234373757 1.100943234373756 1.100943234373756 1.100943234373756 1.100943234373756 1.100943234373756 1.100943234373756
 1.100943234373732 1.10094323437375 1.100943234373755 1.100943234373756 1.100943234373757 1.100943234373758 1.100943234373758 1.100943234373757 1.100943234373757 1.100943234373758 1.100943234373758 1.100943234373758 1.100943234373758 1.100943234373758 1.100943234373758 1.100943234373758 1.100943234373758 1.100943234373758 1.100943234373758 1.100943234373757 1.100943234373758
