# Created by Octave 3.8.1, Wed Jul 06 18:10:16 2016 PDT <adrian@adrian-270E5J>
# name: conv_matrix
# type: matrix
# rows: 14
# columns: 20
 2 1.666666666666667 1.666666666666667 1.666666666666667 1.666666666666667 1.666666666666667 1.666666666666667 1.666666666666667 1.666666666666667 1.666666666666667 1.666666666666667 1.666666666666667 1.666666666666667 1.666666666666667 1.666666666666667 1.666666666666667 1.666666666666666 1.666666666666666 1.666666666666667 1.666666666666666
 2 1.666666666666667 1.666666666666667 1.666666666666667 1.666666666666667 1.666666666666667 1.666666666666667 1.666666666666667 1.666666666666667 1.666666666666667 1.666666666666667 1.666666666666667 1.666666666666667 1.666666666666667 1.666666666666667 1.666666666666667 1.666666666666667 1.666666666666667 1.666666666666667 1.666666666666667
 2 1.625 1.625 1.625 1.625 1.625 1.625 1.625 1.625 1.625 1.625 1.625 1.625 1.625 1.625 1.625 1.625 1.625 1.625 1.625
 2 1.625 1.625 1.625 1.625 1.625 1.625 1.625 1.625 1.625 1.625 1.625 1.625 1.625 1.624999999999999 1.624999999999999 1.624999999999999 1.624999999999999 1.625 1.625
 2 1.61904761904762 1.61904761904762 1.619047619047621 1.61904761904762 1.61904761904762 1.61904761904762 1.619047619047621 1.619047619047622 1.619047619047622 1.619047619047622 1.619047619047623 1.619047619047622 1.619047619047622 1.619047619047622 1.619047619047622 1.619047619047622 1.619047619047622 1.619047619047622 1.619047619047622
 2 1.619047619047619 1.61904761904762 1.619047619047621 1.619047619047621 1.619047619047623 1.619047619047621 1.619047619047621 1.619047619047621 1.619047619047621 1.619047619047622 1.619047619047621 1.619047619047621 1.619047619047621 1.619047619047621 1.61904761904762 1.61904761904762 1.61904761904762 1.619047619047622 1.619047619047621
 2 1.618181818181817 1.618181818181817 1.61818181818182 1.618181818181819 1.618181818181817 1.618181818181816 1.618181818181818 1.618181818181818 1.618181818181819 1.61818181818182 1.618181818181822 1.618181818181821 1.618181818181825 1.618181818181826 1.618181818181828 1.618181818181827 1.618181818181822 1.618181818181822 1.618181818181824
 2.000000000000001 1.61818181818182 1.618181818181819 1.618181818181816 1.618181818181816 1.618181818181818 1.618181818181821 1.618181818181818 1.618181818181814 1.618181818181815 1.618181818181818 1.618181818181821 1.61818181818182 1.618181818181821 1.618181818181819 1.618181818181818 1.618181818181818 1.618181818181817 1.618181818181817 1.618181818181817
 2 1.618055555555562 1.61805555555556 1.618055555555559 1.618055555555562 1.618055555555563 1.618055555555563 1.618055555555562 1.618055555555561 1.618055555555559 1.618055555555558 1.618055555555559 1.618055555555557 1.618055555555556 1.618055555555557 1.618055555555546 1.618055555555545 1.618055555555558 1.618055555555557 1.618055555555556
 2 1.618055555555556 1.618055555555563 1.618055555555552 1.618055555555558 1.618055555555557 1.618055555555556 1.618055555555565 1.618055555555579 1.618055555555574 1.618055555555575 1.618055555555579 1.618055555555577 1.618055555555574 1.618055555555573 1.618055555555569 1.618055555555562 1.618055555555564 1.61805555555557 1.618055555555578
 2 1.618037135278511 1.6180371352785 1.618037135278515 1.618037135278504 1.618037135278535 1.618037135278524 1.618037135278542 1.618037135278533 1.618037135278554 1.618037135278549 1.618037135278535 1.618037135278528 1.618037135278527 1.618037135278529 1.618037135278532 1.618037135278528 1.618037135278542 1.618037135278531 1.61803713527855
 2 1.618037135278515 1.618037135278519 1.618037135278528 1.618037135278512 1.618037135278516 1.618037135278504 1.61803713527851 1.618037135278506 1.618037135278504 1.618037135278505 1.618037135278512 1.618037135278526 1.618037135278543 1.618037135278565 1.618037135278579 1.618037135278582 1.618037135278574 1.618037135278567 1.618037135278582
 2 1.618034447821643 1.618034447821624 1.618034447821671 1.618034447821676 1.618034447821638 1.618034447821614 1.618034447821635 1.618034447821633 1.618034447821536 1.618034447821542 1.618034447821479 1.618034447821501 1.618034447821429 1.618034447821425 1.618034447821403 1.618034447821396 1.618034447821341 1.618034447821314 1.618034447821277
 0 0 0 0 0 0 0 0 0 0 0 0 0 0 0 0 0 0 0 0


