# Created by Octave 3.8.1, Thu Jul 07 18:08:38 2016 PDT <adrian@adrian-270E5J>
# name: equivariant_withone
# type: cell
# rows: 15
# columns: 1
# name: <cell-element>
# type: matrix
# rows: 19
# columns: 19
 2.125 2.125 2.132352941176471 2.132352941176471 2.132758620689655 2.132758620689655 2.132780921584478 2.132780921584478 2.132782147256704 2.132782147256704 2.132782214619734 2.132782214619734 2.132782218322008 2.132782218322008 2.132782218525485 2.132782218525485 2.132782218536668 2.132782218536668 2.132782218537283
 2.125 2.125 2.132352941176471 2.132352941176471 2.132758620689655 2.132758620689655 2.132780921584478 2.132780921584478 2.132782147256704 2.132782147256704 2.132782214619734 2.132782214619734 2.132782218322008 2.132782218322008 2.132782218525485 2.132782218525485 2.132782218536668 2.132782218536668 2.132782218537283
 2.125 2.125 2.132352941176471 2.132352941176471 2.132758620689655 2.132758620689655 2.132780921584478 2.132780921584478 2.132782147256704 2.132782147256704 2.132782214619734 2.132782214619734 2.132782218322008 2.132782218322008 2.132782218525485 2.132782218525485 2.132782218536668 2.132782218536668 2.132782218537283
 2.125 2.125 2.132352941176471 2.132352941176471 2.132758620689655 2.132758620689655 2.132780921584478 2.132780921584478 2.132782147256704 2.132782147256704 2.132782214619734 2.132782214619734 2.132782218322008 2.132782218322008 2.132782218525485 2.132782218525485 2.132782218536668 2.132782218536668 2.132782218537283
 2.125 2.125 2.132352941176471 2.132352941176471 2.132758620689655 2.132758620689655 2.132780921584478 2.132780921584478 2.132782147256704 2.132782147256704 2.132782214619734 2.132782214619734 2.132782218322008 2.132782218322008 2.132782218525485 2.132782218525485 2.132782218536668 2.132782218536668 2.132782218537283
 2.125 2.125 2.132352941176471 2.132352941176471 2.132758620689655 2.132758620689655 2.132780921584478 2.132780921584478 2.132782147256704 2.132782147256704 2.132782214619734 2.132782214619734 2.132782218322008 2.132782218322008 2.132782218525485 2.132782218525485 2.132782218536668 2.132782218536668 2.132782218537283
 2.125 2.125 2.132352941176471 2.132352941176471 2.132758620689655 2.132758620689655 2.132780921584478 2.132780921584478 2.132782147256704 2.132782147256704 2.132782214619734 2.132782214619734 2.132782218322008 2.132782218322008 2.132782218525485 2.132782218525485 2.132782218536668 2.132782218536668 2.132782218537283
 2.125 2.125 2.132352941176471 2.132352941176471 2.132758620689655 2.132758620689655 2.132780921584478 2.132780921584478 2.132782147256704 2.132782147256704 2.132782214619734 2.132782214619734 2.132782218322008 2.132782218322008 2.132782218525485 2.132782218525485 2.132782218536668 2.132782218536668 2.132782218537283
 2.125 2.125 2.132352941176471 2.132352941176471 2.132758620689655 2.132758620689655 2.132780921584478 2.132780921584478 2.132782147256704 2.132782147256704 2.132782214619734 2.132782214619734 2.132782218322008 2.132782218322008 2.132782218525485 2.132782218525485 2.132782218536668 2.132782218536668 2.132782218537283
 2.125 2.125 2.132352941176471 2.132352941176471 2.132758620689655 2.132758620689655 2.132780921584478 2.132780921584478 2.132782147256704 2.132782147256704 2.132782214619734 2.132782214619734 2.132782218322008 2.132782218322008 2.132782218525485 2.132782218525485 2.132782218536668 2.132782218536668 2.132782218537283
 2.125 2.125 2.132352941176471 2.132352941176471 2.132758620689655 2.132758620689655 2.132780921584478 2.132780921584478 2.132782147256704 2.132782147256704 2.132782214619734 2.132782214619734 2.132782218322008 2.132782218322008 2.132782218525485 2.132782218525485 2.132782218536668 2.132782218536668 2.132782218537283
 2.125 2.125 2.132352941176471 2.132352941176471 2.132758620689655 2.132758620689655 2.132780921584478 2.132780921584478 2.132782147256704 2.132782147256704 2.132782214619734 2.132782214619734 2.132782218322008 2.132782218322008 2.132782218525485 2.132782218525485 2.132782218536668 2.132782218536668 2.132782218537283
 2.125 2.125 2.132352941176471 2.132352941176471 2.132758620689655 2.132758620689655 2.132780921584478 2.132780921584478 2.132782147256704 2.132782147256704 2.132782214619734 2.132782214619734 2.132782218322008 2.132782218322008 2.132782218525485 2.132782218525485 2.132782218536668 2.132782218536668 2.132782218537283
 2.125 2.125 2.132352941176471 2.132352941176471 2.132758620689655 2.132758620689655 2.132780921584478 2.132780921584478 2.132782147256704 2.132782147256704 2.132782214619734 2.132782214619734 2.132782218322008 2.132782218322008 2.132782218525485 2.132782218525485 2.132782218536668 2.132782218536668 2.132782218537283
 2.125 2.125 2.132352941176471 2.132352941176471 2.132758620689655 2.132758620689655 2.132780921584478 2.132780921584478 2.132782147256704 2.132782147256704 2.132782214619734 2.132782214619734 2.132782218322008 2.132782218322008 2.132782218525485 2.132782218525485 2.132782218536668 2.132782218536668 2.132782218537283
 2.125 2.125 2.132352941176471 2.132352941176471 2.132758620689655 2.132758620689655 2.132780921584478 2.132780921584478 2.132782147256704 2.132782147256704 2.132782214619734 2.132782214619734 2.132782218322008 2.132782218322008 2.132782218525485 2.132782218525485 2.132782218536668 2.132782218536668 2.132782218537283
 2.125 2.125 2.132352941176471 2.132352941176471 2.132758620689655 2.132758620689655 2.132780921584478 2.132780921584478 2.132782147256704 2.132782147256704 2.132782214619734 2.132782214619734 2.132782218322008 2.132782218322008 2.132782218525485 2.132782218525485 2.132782218536668 2.132782218536668 2.132782218537283
 2.125 2.125 2.132352941176471 2.132352941176471 2.132758620689655 2.132758620689655 2.132780921584478 2.132780921584478 2.132782147256704 2.132782147256704 2.132782214619734 2.132782214619734 2.132782218322008 2.132782218322008 2.132782218525485 2.132782218525485 2.132782218536668 2.132782218536668 2.132782218537283
 2.125 2.125 2.132352941176471 2.132352941176471 2.132758620689655 2.132758620689655 2.132780921584478 2.132780921584478 2.132782147256704 2.132782147256704 2.132782214619734 2.132782214619734 2.132782218322008 2.132782218322008 2.132782218525485 2.132782218525485 2.132782218536668 2.132782218536668 2.132782218537283


