# Created by Octave 3.8.1, Thu Jul 14 17:05:55 2016 PDT <adrian@adrian-270E5J>
# name: free_results
# type: cell
# rows: 3
# columns: 1
# name: <cell-element>
# type: matrix
# rows: 21
# columns: 21
 2.128936212886619 2.128952926440597 2.1289382639336 2.12894401773505 2.128938971610484 2.128940952785201 2.128939215964914 2.128939898195213 2.128939300368771 2.128939535309898 2.128939329528126 2.128939410437117 2.128939339602681 2.128939367466411 2.128939343083544 2.128939352679402 2.128939344286215 2.128939347590898 2.128939344701754 2.128939345839842 2.128939344845327
 5.167316032855264 5.167400663045185 5.167374296346151 5.167403415331566 5.167394335703795 5.167404356593915 5.167401229460133 5.16740467832339 5.16740360121967 5.16740478825987 5.167404417250748 5.167404825819128 5.167404698022496 5.167404838649595 5.167404794628807 5.167404843032211 5.167404827868753 5.167404844529091 5.167404839305872 5.167404845040329 5.167404843241126
 2.130517121768948 2.130533853728359 2.130519188517972 2.130524948651154 2.130519901594712 2.130521884948042 2.13052014780645 2.130520830786439 2.130520232849199 2.130520468048314 2.130520262228334 2.13052034322611 2.130520272378495 2.13052030027278 2.130520275885363 2.13052028549174 2.13052027709699 2.130520280405287 2.130520277515601 2.130520278654937 2.130520277660232
 5.163487229254141 5.163571733066719 5.163545388408281 5.163574463916002 5.163565391883769 5.163575397813607 5.163572273297886 5.163575717012983 5.163574640811756 5.163575826080277 5.163575455382281 5.163575863340944 5.163575735651582 5.163575876068845 5.163575832085034 5.163575880416209 5.163575865265511 5.163575881901002 5.163575876682166 5.163575882408075 5.163575880610387
 2.132096214793198 2.132112965599058 2.13209829728499 2.132104063901791 2.132099015775681 2.132101001359935 2.132099263849611 2.1320999475973 2.132099349532937 2.132099584996247 2.132099379132441 2.132099460221129 2.132099389358406 2.132099417283977 2.132099392891356 2.132099402508498 2.132099394111953 2.13209939742396 2.132099394533655 2.132099395674262 2.132099394679345
 5.159668065690568 5.159752444498211 5.159726121437077 5.159755153939464 5.159746089350081 5.159756080482197 5.159752958531961 5.159756397154855 5.159755321838012 5.159756505354107 5.159756134961005 5.159756542316591 5.159756414732329 5.159756554942039 5.159756510994469 5.159756559254215 5.159756544116006 5.159756560726906 5.159756555512388 5.159756561229833 5.15975655943364
 2.133673607331658 2.133690377131011 2.133675705578425 2.133681478729492 2.133676429487303 2.133678417319923 2.13367667942489 2.133677363946285 2.133676765749304 2.13367700147887 2.133676795569337 2.133676876749664 2.133676805871182 2.133676833828285 2.133676809430225 2.133676819058222 2.133676810659803 2.133676813975545 2.133676811084595 2.133676812226486 2.133676811231344
 5.155858512488212 5.155942767026086 5.155916465365942 5.155945455115954 5.155936397901804 5.155946374323278 5.15594325491521 5.155946688475858 5.155945614035375 5.155946795809387 5.155946425718386 5.15594683247443 5.155946704994331 5.155946844997717 5.155946801086052 5.155946849274796 5.155946834148965 5.155946850735432 5.155946845525174 5.155946851234221 5.155946849439492
 2.135249337485703 2.13526612632621 2.135251451489953 2.135257231191693 2.135252180817874 2.135254170904521 2.135252432619426 2.135253117916478 2.135252519585027 2.135252755581532 2.135252549625646 2.135252630897831 2.135252560003366 2.135252587992087 2.135252563588519 2.135252573227393 2.135252564827071 2.135252568146561 2.135252565254954 2.135252566398136 2.135252565402772
 5.152058540205538 5.152142670992761 5.152116390620806 5.15214533779708 5.152136287919285 5.152146249691571 5.152143132812292 5.152146561331855 5.152145487763109 5.152146667802288 5.152146298011833 5.152146704170853 5.152146576794357 5.152146716592275 5.152146672716327 5.152146720834356 5.152146705720844 5.152146722282972 5.152146717076961 5.152146722777633 5.152146720984361
 2.136823418164963 2.136840226060664 2.13682554792586 2.136831334183116 2.136826282672553 2.136828275014891 2.136826536337967 2.136827222411255 2.136826623944734 2.136826860208363 2.13682665420591 2.13682673557003 2.136826664659512 2.13682669267987 2.13682666827077 2.136826677920533 2.136826669518306 2.136826672841539 2.136826669949274 2.136826671093746 2.136826670098156
 5.1482681186271 5.148352126108775 5.14832586694058 5.148354771696257 5.14834572912573 5.148355676301531 5.148352561941 5.148355985437616 5.14835491273716 5.148356091047766 5.148355721556631 5.148356127120773 5.148355999847473 5.148356139440665 5.148356095600295 5.148356143647861 5.148356128546619 5.148356145084497 5.148356139882725 5.148356145575034 5.148356143783237
 2.138395853993529 2.13841268094708 2.1383979995091 2.138403792322782 2.138398739673882 2.138400734272223 2.138398995202927 2.138399682052551 2.138399083450769 2.13839931998157 2.138399113932487 2.138399195388552 2.138399124461958 2.138399152513959 2.138399128099319 2.138399137759969 2.138399129355835 2.13839913268281 2.138399129789885 2.13839913093565 2.13839912993983
 5.144487217132892 5.144571101728006 5.144544863688957 5.144573726168179 5.144564690879191 5.144574623508105 5.144571511657474 5.14457493014821 5.144573858312974 5.144575034900874 5.144574665708026 5.144575070679308 5.144574943508846 5.144575082897993 5.144575039093083 5.144575087070431 5.144575071981422 5.144575088495146 5.144575083297568 5.144575088981573 5.14457508719121
 2.139966646853276 2.139983492863434 2.13996880812111 2.139974607490803 2.139969553703156 2.139971550557362 2.139969811095551 2.139970498721468 2.13996989998438 2.139970136782328 2.139969930686598 2.139970012234599 2.139969941291926 2.139969969375568 2.139969944955378 2.13996995462692 2.13996994622087 2.139969949551602 2.139969946658018 2.139969947805073 2.139969946809025
 5.140715804996288 5.140799567113897 5.140773350132818 5.140802170476324 5.14079314244435 5.140803060574803 5.140799951225617 5.140803364727125 5.140802293754208 5.140803468625141 5.140803099729576 5.140803504109965 5.140803377041986 5.140803516227795 5.140803472458214 5.140803520365588 5.140803505288732 5.140803521778374 5.140803516585007 5.140803522260716 5.140803520471814
 2.141535797715286 2.141552662779495 2.14153797473283 2.141543780657646 2.141538725731259 2.141540724841017 2.141538984986698 2.141539673388799 2.141539074516403 2.141539311581464 2.141539105439093 2.141539187079021 2.141539116120267 2.141539144235542 2.141539119809805 2.141539129492242 2.141539121084279 2.141539124418753 2.141539121524513 2.141539122672855 2.141539121676583
 5.136953851526504 5.137037491571173 5.137011295578288 5.137040073925239 5.137031053126256 5.137040956806123 5.137037849950098 5.137041258478868 5.137040188365402 5.137041361525038 5.13704099292576 5.137041396717214 5.137041269751386 5.137041408734529 5.137041365000148 5.137041412837772 5.137041397773067 5.137041414238694 5.137041409049516 5.137041414716963 5.137041412929499
 2.143103307248484 2.143120191363676 2.14310550001308 2.143111312491969 2.143106256426988 2.143108257791935 2.143106517545157 2.143107206723319 2.143106607715629 2.143106845047764 2.143106638858752 2.143106720590591 2.143106649615752 2.143106677762664 2.143106653331387 2.143106663024704 2.143106654614837 2.143106657953052 2.143106655058156 2.143106656207786 2.143106655211284
 5.133201326126862 5.133284844500486 5.133258669426677 5.13328740591534 5.133278392325522 5.133288281602391 5.133285177231304 5.133288580803711 5.133287511546873 5.133288683000843 5.133288314696874 5.133288717901351 5.133288591037321 5.133288729818445 5.133288686119179 5.133288733887261 5.133288718834665 5.133288735276371 5.133288730091364 5.133288735750579 5.13328873396455
