# Created by Octave 3.8.1, Mon Jul 04 15:27:17 2016 PDT <adrian@adrian-270E5J>
# name: res
# type: cell
# rows: 11
# columns: 1
# name: <cell-element>
# type: matrix
# rows: 20
# columns: 20
 1 1 1 1 1 1 1 1 1 1 1 1 1 1 1 1 1 1 1 1
 2 1.888888888888889 1.888888888888889 1.883116883116883 1.883116883116883 1.882800608828006 1.882800608828006 1.88278322925959 1.88278322925959 1.882782274086622 1.882782274086622 1.88278222159031 1.88278222159031 1.882782218705111 1.882782218705111 1.882782218546541 1.882782218546541 1.882782218537826 1.882782218537826 1.882782218537347
 1 1 1 1 1 1 1 1 1 1 1 1 1 1 1 1 1 1 1 1
 2 1.888888888888889 1.888888888888889 1.883116883116883 1.883116883116883 1.882800608828006 1.882800608828006 1.88278322925959 1.88278322925959 1.882782274086622 1.882782274086622 1.88278222159031 1.88278222159031 1.882782218705111 1.882782218705111 1.882782218546541 1.882782218546541 1.882782218537826 1.882782218537826 1.882782218537347
 1 1 1 1 1 1 1 1 1 1 1 1 1 1 1 1 1 1 1 1
 2 1.888888888888889 1.888888888888889 1.883116883116883 1.883116883116883 1.882800608828006 1.882800608828006 1.88278322925959 1.88278322925959 1.882782274086622 1.882782274086622 1.88278222159031 1.88278222159031 1.882782218705111 1.882782218705111 1.882782218546541 1.882782218546541 1.882782218537826 1.882782218537826 1.882782218537347
 1 1 1 1 1 1 1 1 1 1 1 1 1 1 1 1 1 1 1 1
 2 1.888888888888889 1.888888888888889 1.883116883116883 1.883116883116883 1.882800608828006 1.882800608828006 1.88278322925959 1.88278322925959 1.882782274086622 1.882782274086622 1.88278222159031 1.88278222159031 1.882782218705111 1.882782218705111 1.882782218546541 1.882782218546541 1.882782218537826 1.882782218537826 1.882782218537347
 1 1 1 1 1 1 1 1 1 1 1 1 1 1 1 1 1 1 1 1
 2 1.888888888888889 1.888888888888889 1.883116883116883 1.883116883116883 1.882800608828006 1.882800608828006 1.88278322925959 1.88278322925959 1.882782274086622 1.882782274086622 1.88278222159031 1.88278222159031 1.882782218705111 1.882782218705111 1.882782218546541 1.882782218546541 1.882782218537826 1.882782218537826 1.882782218537347
 1 1 1 1 1 1 1 1 1 1 1 1 1 1 1 1 1 1 1 1
 2 1.888888888888889 1.888888888888889 1.883116883116883 1.883116883116883 1.882800608828006 1.882800608828006 1.88278322925959 1.88278322925959 1.882782274086622 1.882782274086622 1.88278222159031 1.88278222159031 1.882782218705111 1.882782218705111 1.882782218546541 1.882782218546541 1.882782218537826 1.882782218537826 1.882782218537347
 1 1 1 1 1 1 1 1 1 1 1 1 1 1 1 1 1 1 1 1
 2 1.888888888888889 1.888888888888889 1.883116883116883 1.883116883116883 1.882800608828006 1.882800608828006 1.88278322925959 1.88278322925959 1.882782274086622 1.882782274086622 1.88278222159031 1.88278222159031 1.882782218705111 1.882782218705111 1.882782218546541 1.882782218546541 1.882782218537826 1.882782218537826 1.882782218537347
 1 1 1 1 1 1 1 1 1 1 1 1 1 1 1 1 1 1 1 1
 2 1.888888888888889 1.888888888888889 1.883116883116883 1.883116883116883 1.882800608828006 1.882800608828006 1.88278322925959 1.88278322925959 1.882782274086622 1.882782274086622 1.88278222159031 1.88278222159031 1.882782218705111 1.882782218705111 1.882782218546541 1.882782218546541 1.882782218537826 1.882782218537826 1.882782218537347
 1 1 1 1 1 1 1 1 1 1 1 1 1 1 1 1 1 1 1 1
 2 1.888888888888889 1.888888888888889 1.883116883116883 1.883116883116883 1.882800608828006 1.882800608828006 1.88278322925959 1.88278322925959 1.882782274086622 1.882782274086622 1.88278222159031 1.88278222159031 1.882782218705111 1.882782218705111 1.882782218546541 1.882782218546541 1.882782218537826 1.882782218537826 1.882782218537347
 1 1 1 1 1 1 1 1 1 1 1 1 1 1 1 1 1 1 1 1
 2 1.888888888888889 1.888888888888889 1.883116883116883 1.883116883116883 1.882800608828006 1.882800608828006 1.88278322925959 1.88278322925959 1.882782274086622 1.882782274086622 1.88278222159031 1.88278222159031 1.882782218705111 1.882782218705111 1.882782218546541 1.882782218546541 1.882782218537826 1.882782218537826 1.882782218537347


# name: <cell-element>
# type: matrix
# rows: 20
# columns: 20
 2 1.888888888888889 1.871794871794872 1.863905325443787 1.861833105335157 1.861119898766213 1.860905831565084 1.860837042427525 1.860815682651771 1.860808935172736 1.860806821977506 1.860806157289279 1.860805948670627 1.860805883122298 1.860805862538162 1.860805856072353 1.860805854041619 1.860805853403776 1.86080585320344 1.860805853140517
 1 1 1 1 1 1 1 1 1 1 1 1 1 1 1 1 1 1 1 1
 2 1.871794871794872 1.852941176470588 1.844173441734417 1.841891045710708 1.841103228608658 1.84086723589486 1.840791338491206 1.840767782580425 1.840760339727848 1.840758009021466 1.840757275875904 1.840757045777858 1.840756973479643 1.840756950776003 1.840756943644399 1.84075694140456 1.840756940701038 1.840756940480073 1.840756940410671
 1 1 1 1 1 1 1 1 1 1 1 1 1 1 1 1 1 1 1 1
 2 1.870870870870871 1.851928374655647 1.843115482233503 1.840822460049846 1.840030846411986 1.839793742503469 1.8397174842115 1.839693816910842 1.839686338772053 1.839683997030879 1.839683260411926 1.839683029224122 1.839682956583441 1.839682933772267 1.839682926606883 1.839682924356435 1.839682923649581 1.83968292342757 1.839682923357838
 1 1 1 1 1 1 1 1 1 1 1 1 1 1 1 1 1 1 1 1
 2 1.87082013375572 1.851872780109784 1.843057414844564 1.840763811323997 1.839971989908421 1.839734825200014 1.839658547159767 1.839634873764046 1.839627393694405 1.839625051349419 1.839624314540405 1.83962408329297 1.83962401063355 1.839623987816492 1.839623980649259 1.83962397839823 1.839623977691194 1.839623977469125 1.839623977399376
 1 1 1 1 1 1 1 1 1 1 1 1 1 1 1 1 1 1 1 1
 2 1.870817345381029 1.851869724840089 1.843054223694534 1.84076058823174 1.839968755399346 1.839731587350192 1.839655308224839 1.839631634494214 1.839624154318479 1.839621811940316 1.839621075120858 1.839620843870147 1.839620771209697 1.839620748392315 1.839620741224982 1.839620738973921 1.839620738266874 1.839620738044803 1.839620737975053
 1 1 1 1 1 1 1 1 1 1 1 1 1 1 1 1 1 1 1 1
 2 1.870817192132283 1.851869556922995 1.843054048309534 1.840760411091218 1.839968577631363 1.839731409398605 1.839655130213615 1.839631456464585 1.839623976283019 1.839621633903032 1.839620897083 1.839620665832109 1.839620593171603 1.839620570354203 1.839620563186863 1.839620560935801 1.839620560228754 1.839620560006682 1.839620559936932
 1 1 1 1 1 1 1 1 1 1 1 1 1 1 1 1 1 1 1 1
 2 1.870817183709728 1.851869547694268 1.843054038670371 1.840760401355571 1.839968567861231 1.839731399618382 1.839655120430114 1.839631446680072 1.839623966498186 1.839621624118099 1.839620887298036 1.839620656047135 1.839620583386625 1.839620560569225 1.839620553401885 1.839620551150822 1.839620550443775 1.839620550221703 1.839620550151953
 1 1 1 1 1 1 1 1 1 1 1 1 1 1 1 1 1 1 1 1
 2 1.870817183246824 1.851869547187057 1.843054038140602 1.8407604008205 1.839968567324265 1.839731399080861 1.839655119892413 1.839631446142315 1.839623965960411 1.839621623580319 1.839620886760254 1.839620655509352 1.839620582848843 1.839620560031442 1.839620552864102 1.83962055061304 1.839620549905993 1.839620549683921 1.839620549614171
 1 1 1 1 1 1 1 1 1 1 1 1 1 1 1 1 1 1 1 1
 2 1.870817183221383 1.85186954715918 1.843054038111486 1.840760400791092 1.839968567294753 1.839731399051318 1.839655119862861 1.83963144611276 1.839623965930855 1.839621623550763 1.839620886730697 1.839620655479796 1.839620582819286 1.839620560001885 1.839620552834546 1.839620550583483 1.839620549876436 1.839620549654365 1.839620549584614
 1 1 1 1 1 1 1 1 1 1 1 1 1 1 1 1 1 1 1 1
 2 1.870817183219985 1.851869547157648 1.843054038109886 1.840760400789476 1.839968567293131 1.839731399049695 1.839655119861237 1.839631446111136 1.839623965929231 1.839621623549138 1.839620886729073 1.839620655478172 1.839620582817662 1.839620560000261 1.839620552832921 1.839620550581859 1.839620549874811 1.83962054965274 1.839620549582989
 1 1 1 1 1 1 1 1 1 1 1 1 1 1 1 1 1 1 1 1


