# Created by Octave 3.8.1, Mon Jun 06 17:01:47 2016 PDT <adrian@adrian-270E5J>
# name: probabilities
# type: matrix
# ndims: 3
 20 5 5
 0.6666666666666666
 0.6904761904761905
 0.6774193548387096
 0.6833631484794276
 0.6807465618860511
 0.6818797399783315
 0.681389541168139
 0.6816011827151115
 0.6815097923922384
 0.6815492455559344
 0.6815322126131295
 0.681539565857357
 0.6815363913652418
 0.6815377618251725
 0.6815371701823087
 0.6815374256008095
 17
 18
 19
 20
 0.6842105263157895
 0.693069306930693
 0.6882882882882883
 0.6900430036387695
 0.689442122478648
 0.6896417748076774
 0.6895759225022829
 0.6895975636706081
 0.6895904578200909
 0.689592789924573
 0.689592024616053
 0.6895922757459753
 0.6895921933405987
 0.6895922203807475
 0.6895922115079186
 0.6895922144194042
 37
 38
 39
 40
 0.6774193548387096
 0.6926229508196722
 0.683769116921559
 0.6879419764279239
 0.6860512134334174
 0.6869002390745617
 0.6865189421233787
 0.6866901661801192
 0.6866132252357598
 0.6866478044737334
 0.6866322602991825
 0.6866392481868056
 0.6866361065909234
 0.6866375190088113
 0.6866368839949836
 0.6866371694947594
 57
 58
 59
 60
 0.68
 0.6926994906621392
 0.6856870488900995
 0.6886174446057838
 0.68745959806358
 0.6879068940991117
 0.6877350108777373
 0.6878008567410954
 0.6877756519633276
 0.68778529475161
 0.6877816062220978
 0.6877830169921166
 0.6877824774281346
 0.6877826837851208
 0.6877826048643298
 0.6877826350472525
 77
 78
 79
 80
 0.6790123456790124
 0.6926863572433193
 0.6848611995654291
 0.6883970429687262
 0.6868510197821162
 0.6875281389031133
 0.6872284272861638
 0.687362351550769
 0.6873020425668768
 0.6873293523677684
 0.6873169358970181
 0.6873225967315097
 0.6873200108926755
 0.6873211936493446
 0.6873206521679792
 0.6873209002184827
 97
 98
 99
 100
 0.6551724137931034
 0.6516129032258065
 0.6514084507042254
 0.6516490622979091
 0.6515510300734075
 0.6515855105170268
 0.6515739422901079
 0.651577769565076
 0.6515765103514668
 0.6515769239705014
 0.6515767882037489
 0.6515768327594158
 0.6515768181385765
 0.6515768229362651
 0.6515768213619687
 0.6515768218785515
 117
 118
 119
 120
 0.6739130434782609
 0.6541554959785523
 0.6626348479895391
 0.6585074626865671
 0.6604627449076209
 0.6595533061239945
 0.6599695000960561
 0.6597804978227418
 0.6598659149585836
 0.659827402206807
 0.6598447432416001
 0.6598369404479317
 0.659840450065871
 0.6598388717827786
 0.6598395814641094
 0.6598392623708015
 137
 138
 139
 140
 0.6666666666666666
 0.6537180910099889
 0.6579749103942653
 0.6563527631464074
 0.6569929310946894
 0.6567430605919361
 0.6568398396625511
 0.6568025859462163
 0.6568168824869219
 0.656811405596646
 0.6568135020014052
 0.6568126999082204
 0.6568130067281601
 0.656812889374777
 0.6568129342581407
 0.6568129170923479
 157
 158
 159
 160
 0.6694214876033058
 0.6537931034482759
 0.6599500581007244
 0.6570459672438197
 0.6584294325181956
 0.6577742766214442
 0.6580809443389681
 0.6579382869827158
 0.6580043227652483
 0.6579738431813954
 0.6579878822763626
 0.6579814243112114
 0.6579843922432134
 0.6579830290787296
 0.6579836549160912
 0.6579833676708658
 177
 178
 179
 180
 0.6683673469387755
 0.6537802323366978
 0.6590998761921607
 0.6568198313339573
 0.6578092683271058
 0.657386475645362
 0.6575646301692617
 0.6574902815904335
 0.6575211210554499
 0.6575083777812439
 0.6575136310699179
 0.6575114686413144
 0.6575123579571164
 0.657511992427627
 0.6575121426154314
 0.657512080920359
 197
 198
 199
 200
 0.6571428571428571
 0.667262969588551
 0.6594093554645398
 0.6634714410203597
 0.6615367813101284
 0.6624276568542069
 0.662022011039811
 0.6622054911504207
 0.6621227214930498
 0.6621599970400185
 0.6621432223551821
 0.6621507678351992
 0.6621473744998443
 0.6621489003498384
 0.6621482142769702
 0.6621485227472393
 217
 218
 219
 220
 0.6756756756756757
 0.6698884758364312
 0.670552184101424
 0.670373296657205
 0.6704365023654737
 0.6704107045019646
 0.670420977085246
 0.6704169389672747
 0.6704185046409772
 0.6704179013754505
 0.6704181329261387
 0.6704180442057162
 0.6704180781667793
 0.6704180651726741
 0.6704180701432754
 0.670418068242091
 237
 238
 239
 240
 0.6685082872928176
 0.6694367497691598
 0.665925779577859
 0.6682055501426714
 0.6669749064126402
 0.6675962572203962
 0.6672932483936387
 0.6674378849281316
 0.667369756832649
 0.6674015642052592
 0.6673867994057572
 0.6673936265338748
 0.6673904778758331
 0.66739192748705
 0.6673912608867774
 0.6673915671759402
 257
 258
 259
 260
 0.6712328767123288
 0.6695142164987887
 0.667887323943662
 0.668902602585602
 0.6684085574841355
 0.6686287701973179
 0.6685337983617569
 0.6685739411898181
 0.6685571568725656
 0.668564125905767
 0.6685612442471652
 0.668562432664551
 0.6685619433417103
 0.6685621446124377
 0.6685620618768233
 0.6685620958732136
 277
 278
 279
 280
 0.6701902748414377
 0.6695009242144178
 0.6670429218401753
 0.6686752135958779
 0.6677897131447049
 0.6682404870737354
 0.6680178564496841
 0.6681258323544227
 0.6680740882540819
 0.6680986772689814
 0.6680870624235485
 0.6680925246617719
 0.6680899642166931
 0.6680911615171936
 0.6680906026636942
 0.6680908631552541
 297
 298
 299
 300
 0.6568047337278107
 0.6606090373280943
 0.6568395295603442
 0.6586233147989322
 0.6578876985173865
 0.6581776035959471
 0.6580652218973707
 0.658108464302002
 0.658091878071934
 0.6580982301844117
 0.6580957992120258
 0.6580967292280939
 0.6580963734919097
 0.6580965095517668
 0.6580964575144966
 0.658096477416213
 317
 318
 319
 320
 0.6753731343283582
 0.6631965707287202
 0.6680010998075336
 0.6654922663395193
 0.6667794220118096
 0.6661395675230259
 0.6664488996845918
 0.66630196057687
 0.6663709366360975
 0.6663388031827143
 0.6663536967680362
 0.6663468169319953
 0.6663499877299655
 0.6663485285920916
 0.6663491993638465
 0.6663488912227805
 337
 338
 339
 340
 0.6681922196796338
 0.6627513942876457
 0.6633674109080387
 0.6633342983571824
 0.6633196240215936
 0.6633318065492132
 0.663325510987743
 0.6633284381606457
 0.6633271511112075
 0.6633277021003803
 0.6633274701058952
 0.6633275668651086
 0.6633275267496955
 0.6633275433213298
 0.6633275364911024
 0.6633275393023518
 357
 358
 359
 360
 0.6709219858156028
 0.6628277382994364
 0.6653318263360255
 0.6640283772032448
 0.6647522813345169
 0.6643620275942174
 0.6645642080699353
 0.6644624659629574
 0.6645125657930541
 0.664488272249669
 0.6644999201637499
 0.6644943810001939
 0.664496999200122
 0.6644957672124764
 0.6644963449712923
 0.6644960747069726
 377
 378
 379
 380
 0.669877408056042
 0.6628146386730077
 0.6644862152635717
 0.6638019528170928
 0.6641338386861555
 0.6639745958060463
 0.6640489932166833
 0.6640151378220875
 0.6640302680607376
 0.6640235948722928
 0.6640265115637456
 0.6640252448961437
 0.6640257925329606
 0.6640255565129374
 0.6640256580062286
 0.6640256144309848
 397
 398
 399
 400
 0.6568627450980392
 0.6634615384615384
 0.6576758383242195
 0.6606940865773921
 0.6592529068274894
 0.6599217243383489
 0.6596133465840079
 0.6597550640628704
 0.6596899859698289
 0.6597198534671129
 0.6597061481441311
 0.6597124361763683
 0.6597095514010739
 0.6597108747851678
 0.6597102677038106
 0.6597105461864516
 417
 418
 419
 420
 0.6754250386398764
 0.6660663026960094
 0.6688316531506198
 0.6675820560517112
 0.6681491802879542
 0.6678971703634954
 0.6680058470749428
 0.6679598081794281
 0.6679790785942298
 0.6679710703479675
 0.667974383239784
 0.6679730165527702
 0.6679735793776752
 0.6679733478468509
 0.6679734430280018
 0.6679734039159576
 437
 438
 439
 440
 0.6682464454976303
 0.6656181555524489
 0.6642002028411012
 0.6654184351702909
 0.6646882316803491
 0.6650850705164828
 0.6648798934290199
 0.6649827087216367
 0.6649322539343415
 0.6649566494730093
 0.6649449776440556
 0.6649505190269192
 0.6649479030016092
 0.6649491328154269
 0.664948556481329
 0.6649488259355604
 457
 458
 459
 460
 0.6709753231492362
 0.6656950088317906
 0.666163738142017
 0.6661142505379033
 0.6661214367393881
 0.666116790237434
