# Created by Octave 3.8.1, Wed Jun 01 19:09:34 2016 PDT <adrian@adrian-270E5J>
# name: data
# type: matrix
# rows: 1
# columns: 27
 1.068636337245863 1.069432126428018 1.069346847542195 1.069355394245803 1.069354458798338 1.069354548621255 1.069354538019284 1.069354538898179 1.069354538765839 1.069354538771899 1.06935453876979 1.069354538769722 1.069354538769673 1.069354538769669 1.069354538769669 1.069354538769669 1.069354538769671 1.069354538769673 1.069354538769675 1.069354538769676 1.069354538769678 1.06935453876968 1.069354538769681 1.069354538769682 1.069354538769684 1.069354538769685 1.069354538769687


# name: differences
# type: matrix
# rows: 1
# columns: 26
 0.000795789182155282 -8.527888582299248e-05 8.546703608391937e-06 -9.354474654887923e-07 8.982291688219846e-08 -1.060197085678283e-08 8.788954009020244e-10 -1.32340582936763e-10 6.059819313009029e-12 -2.108757612973022e-12 -6.794564910705958e-14 -4.840572387365683e-14 -4.884981308350689e-15 0 6.661338147750939e-16 1.998401444325282e-15 1.554312234475219e-15 1.77635683940025e-15 1.332267629550188e-15 1.77635683940025e-15 1.998401444325282e-15 1.332267629550188e-15 1.332267629550188e-15 1.554312234475219e-15 1.332267629550188e-15 1.77635683940025e-15


# name: differences_lim
# type: matrix
# rows: 1
# columns: 27
 -0.0007182015231372851 7.758765901799691e-05 -7.691226804995566e-06 8.554768033963711e-07 -7.997066209242121e-08 9.852254789777248e-09 -7.497160670055791e-10 1.291793338964453e-10 -3.161249040317671e-12 2.898570272691359e-12 7.898126597183364e-13 7.218670106112768e-13 6.7346128673762e-13 6.685763054292693e-13 6.685763054292693e-13 6.692424392440444e-13 6.712408406883696e-13 6.727951529228449e-13 6.745715097622451e-13 6.759037773917953e-13 6.776801342311956e-13 6.796785356755208e-13 6.81010803305071e-13 6.823430709346212e-13 6.838973831690964e-13 6.852296507986466e-13 6.870060076380469e-13


