# Created by Octave 3.8.1, Fri May 27 17:50:13 2016 PDT <adrian@adrian-270E5J>
# name: data
# type: matrix
# rows: 1
# columns: 20
 1.076501814955378 1.068636337245862 1.069432126428018 1.069346847542195 1.069355394245803 1.069354458798339 1.069354548621255 1.069354538019283 1.06935453889818 1.06935453876584 1.069354538771897 1.069354538769789 1.069354538769722 1.069354538769674 1.069354538769667 1.069354538769667 1.069354538769669 1.069354538769667 1.069354538769675 1.069354538769682


