# Created by Octave 3.8.1, Wed May 11 16:42:14 2016 PDT <adrian@adrian-270E5J>
# name: conv_rates
# type: matrix
# rows: 21
# columns: 60
 1 0.5627774222552397 0.1242748831126575 0.04757861443048612 0.01817956471850951 0.006944318861614447 0.002652512895394661 0.001013170835923663 0.0003869968822900224 0.0001478196588036435 5.646208564203643e-05 2.156659764985531e-05 8.237707281121309e-06 3.146524192001478e-06 1.201865294951727e-06 4.59071692864285e-07 1.753497834563614e-07 6.697765741847058e-08 2.558318864901952e-08 9.771908437399501e-09 3.732536793693524e-09 1.425702168636832e-09 5.44569792879386e-10 2.080071155601138e-10 7.945161216881311e-11 3.034777931418364e-11 1.159185628859505e-11 4.427753479326014e-12 1.691215272843212e-12 6.460090995350824e-13 2.468564854763574e-13 9.427702503199472e-14 3.593025462400496e-14 1.368999980818885e-14 5.23691153334427e-15 2.001483021243361e-15 8.005932084973443e-16 4.002966042486721e-16 1.110223024625157e-16 1.110223024625157e-16 0 0 0 0 0 0 0 0 0 0 0 0 0 0 0 0 0 0 0 0
 1 0.7774967842321525 0.03447763602457236 0.005917133866683876 0.001015228295597882 0.0001741856812763216 2.988553838469207e-05 5.127547750406766e-06 8.797481106541721e-07 1.50940912915759e-07 2.589736648623753e-08 4.443285702470901e-09 7.623472710293978e-10 1.307980577212906e-10 2.244141231025935e-11 3.850406615833671e-12 6.607498277178267e-13 1.134357573953633e-13 1.941763883216838e-14 3.233971238276625e-15 5.147892387644517e-16 3.33066907387547e-16 0 0 0 0 0 0 0 0 0 0 0 0 0 0 0 0 0 0 0 0 0 0 0 0 0 0 0 0 0 0 0 0 0 0 0 0 0 0
 1 1.310115506063781 0.1049236647188243 0.04447650591252966 0.01917404015682789 0.008276901675227204 0.003573219352636825 0.001542598428420516 0.0006659565068000284 0.0002875006080599534 0.0001241171086966619 5.358269203080434e-05 2.313222496657675e-05 9.986430533018135e-06 4.31124956332699e-06 1.861212846374622e-06 8.035056213915651e-07 3.468820263312557e-07 1.497527049299371e-07 6.464985482098773e-08 2.791003827468698e-08 1.204906395686338e-08 5.201710616152733e-09 2.245634515944736e-09 9.694646286102729e-10 4.185283139007024e-10 1.806831881905833e-10 7.800290577477503e-11 3.367473436767034e-11 1.453771230485863e-11 6.276107033960177e-12 2.709473419251688e-12 1.169612505752726e-12 5.048670051580117e-13 2.179527071477983e-13 9.410564648329879e-14 4.057793012648653e-14 1.74741133423968e-14 7.505099434752803e-15 3.174830224901016e-15 1.324147507406233e-15 6.131407058289218e-16 3.510833468576701e-16 2.077037090527612e-16 0 0 0 0 0 0 0 0 0 0 0 0 0 0 0 0
 1 1.886125352377257 0.07191050422313275 0.02269905706708644 0.00741073605512264 0.002430176365694647 0.0007973624072578514 0.0002616398416229929 8.585305657530283e-05 2.817137958234852e-05 9.244012576031486e-06 3.033283112641607e-06 9.953260432096611e-07 3.266012092007313e-07 1.071692543216471e-07 3.516597228981691e-08 1.153918272104719e-08 3.786408495921781e-09 1.242452704238534e-09 4.076920786540458e-10 1.337779783104101e-10 4.389721952440418e-11 1.440422660221601e-11 4.726502135514886e-12 1.550876112732226e-12 5.088564683919975e-13 1.669388785458805e-13 5.481343214032769e-14 1.806229137189896e-14 5.946951887712872e-15 1.971427560873958e-15 6.690187733356917e-16 2.830524433501838e-16 1.387778780781446e-16 0 0 0 0 0 0 0 0 0 0 0 0 0 0 0 0 0 0 0 0 0 0 0 0 0 0
 1 2.66737050108058 0.09191990053952118 0.03817262196374181 0.01686149850681326 0.007545526605097994 0.003388030362057244 0.001522693969562787 0.0006845312483063436 0.0003077560900797689 0.0001383659806553079 6.220920238632118e-05 2.796924154184342e-05 1.257497002431697e-05 5.653706870710907e-06 2.541906865624339e-06 1.142841454875137e-06 5.138215773003337e-07 2.310142079657712e-07 1.038639999817767e-07 4.669725985707024e-08 2.099509046566147e-08 9.439393770699652e-09 4.243951949579969e-09 1.908081012515917e-09 8.578733637781383e-10 3.856999685577019e-10 1.734107853627202e-10 7.796554005009317e-11 3.505330145906202e-11 1.575993529598736e-11 7.08568336562008e-12 3.185695045800626e-12 1.432194118615242e-12 6.438669077894968e-13 2.894367847466264e-13 1.300661337538038e-13 5.843888165074841e-14 2.625693590151475e-14 1.181624974313985e-14 5.331093978099952e-15 2.349571363587745e-15 1.067778313638764e-15 4.569144405373685e-16 2.095500005536363e-16 2.305551267378102e-16 0 0 0 0 0 0 0 0 0 0 0 0 0 0
 1 3.643006868738503 0.08320278602570691 0.02995916092301398 0.01135453637263969 0.004335258933003939 0.001657400679799675 0.0006338104638700544 0.0002423922221505301 9.270100478635414e-05 3.545289925444658e-05 1.355874350600144e-05 5.185459225759218e-06 1.983147532058733e-06 7.584427935388143e-07 2.900618655298903e-07 1.109324086300467e-07 4.242542969072495e-08 1.622534940452257e-08 6.205286972834923e-09 2.373174550031422e-09 9.076061651428924e-10 3.471084688550019e-10 1.327496337786977e-10 5.076932900323544e-11 1.941641644092549e-11 7.425766996048209e-12 2.840061800853033e-12 1.086156291467146e-12 4.15365149177485e-13 1.588464735466671e-13 6.0718320773315e-14 2.325032732049996e-14 8.967413703290761e-15 3.4554298261176e-15 1.266153263119412e-15 3.915405771733295e-16 2.271891778003035e-16 0 0 0 0 0 0 0 0 0 0 0 0 0 0 0 0 0 0 0 0 0 0
 1 4.893379533210924 0.08827925480587701 0.03480148941518591 0.0150405958043968 0.006708539553896088 0.003036439533936675 0.00138410267835238 0.000633033399881453 0.0002899790630332374 0.0001329303219752762 6.095772846093073e-05 2.795772008296466e-05 1.282349294950686e-05 5.882007223898879e-06 2.698059615228364e-06 1.23760103314553e-06 5.676899885708124e-07 2.604008986155216e-07 1.194466660995618e-07 5.479055892320024e-08 2.513260444948653e-08 1.152840680162823e-08 5.288117575629148e-09 2.425676751308332e-09 1.11266584635102e-09 5.103834080124554e-10 2.341145430988043e-10 1.073891027832009e-10 4.925971150109485e-11 2.259561374341945e-11 1.036468097259194e-11 4.754248194156161e-12 2.180760808368222e-12 1.000408388099245e-12 4.589888010521715e-13 2.105708129615811e-13 9.661446764152375e-14 4.434053757693716e-14 2.033946875167235e-14 9.326327728123857e-15 4.274178409996424e-15 1.971183315372076e-15 9.118245209424725e-16 5.351502431377397e-16 4.888843483876897e-16 0 0 0 0 0 0 0 0 0 0 0 0 0 0
 1 6.480194758696659 0.08666812021441139 0.03233279463035614 0.01298076840167666 0.005290362936325259 0.002166230474126308 0.0008885457770911566 0.0003647099913266268 0.0001497372145389727 6.148320237735302e-05 2.524646964189166e-05 1.03669654819678e-05 4.257016298718356e-06 1.748074810625115e-06 7.178192876228309e-07 2.947612511729761e-07 1.210391098473303e-07 4.970282519503622e-08 2.04096915396554e-08 8.380922224697804e-09 3.441495259259247e-09 1.413196420132019e-09 5.80307081414446e-10 2.382940754370606e-10 9.785179633047283e-11 4.018139714583206e-11 1.649993192063405e-11 6.775427277106503e-12 2.782263572150318e-12 1.142562436833087e-12 4.69230063804261e-13 1.926887209293972e-13 7.906261216607615e-14 3.244118649319452e-14 1.327239731602168e-14 5.368444231506361e-15 2.170487787794628e-15 8.823043032431161e-16 3.99091977369659e-16 3.197919324294505e-16 0 0 0 0 0 0 0 0 0 0 0 0 0 0 0 0 0 0 0
