# Created by Octave 3.8.1, Thu May 12 16:06:46 2016 PDT <adrian@adrian-270E5J>
# name: conv_rates_pairs
# type: matrix
# rows: 18
# columns: 60
 1 0.5627774222552397 0.1242748831126575 0.04757861443048612 0.01817956471850951 0.006944318861614447 0.002652512895394661 0.001013170835923663 0.0003869968822900224 0.0001478196588036435 5.646208564203643e-05 2.156659764985531e-05 8.237707281121309e-06 3.146524192001478e-06 1.201865294951727e-06 4.59071692864285e-07 1.753497834563614e-07 6.697765741847058e-08 2.558318864901952e-08 9.771908437399501e-09 3.732536793693524e-09 1.425702168636832e-09 5.44569792879386e-10 2.080071155601138e-10 7.945161216881311e-11 3.034777931418364e-11 1.159185628859505e-11 4.427753479326014e-12 1.691215272843212e-12 6.460090995350824e-13 2.468564854763574e-13 9.427702503199472e-14 3.593025462400496e-14 1.368999980818885e-14 5.23691153334427e-15 2.001483021243361e-15 8.005932084973443e-16 4.002966042486721e-16 1.110223024625157e-16 1.110223024625157e-16 0 0 0 0 0 0 0 0 0 0 0 0 0 0 0 0 0 0 0 0
 1 0.7774967842321525 0.03447763602457236 0.005917133866683876 0.001015228295597882 0.0001741856812763216 2.988553838469207e-05 5.127547750406766e-06 8.797481106541721e-07 1.50940912915759e-07 2.589736648623753e-08 4.443285702470901e-09 7.623472710293978e-10 1.307980577212906e-10 2.244141231025935e-11 3.850406615833671e-12 6.607498277178267e-13 1.134357573953633e-13 1.941763883216838e-14 3.233971238276625e-15 5.147892387644517e-16 3.33066907387547e-16 0 0 0 0 0 0 0 0 0 0 0 0 0 0 0 0 0 0 0 0 0 0 0 0 0 0 0 0 0 0 0 0 0 0 0 0 0 0
 1 1.310115506063781 0.1049236647188243 0.04447650591252966 0.01917404015682789 0.00827690167522728 0.003573219352636945 0.001542598428420669 0.0006659565068002593 0.0002875006080601873 0.0001241171086968514 5.358269203088738e-05 2.313222496659599e-05 9.986430533079718e-06 4.311249563412103e-06 1.861212846410095e-06 8.035056213915651e-07 3.468820263312557e-07 1.497527049299371e-07 6.464985482098773e-08 2.791003830767075e-08 1.204906398984715e-08 5.201710616152733e-09 2.245634515944736e-09 9.694646286102729e-10 4.185283139007024e-10 1.806831881905833e-10 7.800290577477502e-11 3.367473436767034e-11 1.453771230485863e-11 6.276107033960177e-12 2.709473419251688e-12 1.169612505752726e-12 5.048670051580117e-13 2.179412053105669e-13 9.410852799779596e-14 4.061614791774843e-14 1.749482171278174e-14 7.502840872529928e-15 3.174830224901016e-15 1.324147507406233e-15 6.131407058289218e-16 3.510833468576701e-16 2.077037090527612e-16 0 0 0 0 0 0 0 0 0 0 0 0 0 0 0 0
 1 1.886125352377257 0.07191050422313275 0.02269905706708644 0.00741073605512264 0.002430176365694647 0.0007973624072578514 0.0002616398416229929 8.585305657530283e-05 2.817137958234852e-05 9.244012576031486e-06 3.033283112641607e-06 9.953260432096611e-07 3.266012092007313e-07 1.071692543216471e-07 3.516597228981691e-08 1.153918272104719e-08 3.786408495921781e-09 1.242452704238534e-09 4.076920786540458e-10 1.337779783104101e-10 4.389720129529722e-11 1.440418568024001e-11 4.726479442380539e-12 1.550876112732226e-12 5.088564683919974e-13 1.669388785458805e-13 5.48134321403277e-14 1.806229137189896e-14 5.946951887712871e-15 1.971427560873958e-15 6.690187733356917e-16 2.830524433501838e-16 1.387778780781446e-16 0 0 0 0 0 0 0 0 0 0 0 0 0 0 0 0 0 0 0 0 0 0 0 0 0 0
 1 2.66737050108058 0.09191990053952119 0.03817262196374177 0.01686149850681321 0.007545526605097949 0.00338803036205719 0.001522693969562787 0.0006845312483063305 0.0003077560900797345 0.000138365980655295 6.220920238633989e-05 2.796924154187186e-05 1.25749700243513e-05 5.653706870719069e-06 2.541906865637193e-06 1.142841454970628e-06 5.138215774723906e-07 2.310142081255661e-07 1.03864000084559e-07 4.669725994027255e-08 2.099509054568728e-08 9.439393822925393e-09 4.243951948661775e-09 1.908080974534798e-09 8.578732682603928e-10 3.856998764566526e-10 1.734107275262044e-10 7.796549645345522e-11 3.505326088648895e-11 1.575990092568254e-11 7.085668519788339e-12 3.185728665446659e-12 1.432306851066003e-12 6.439766620430767e-13 2.895260591580116e-13 1.301384236966286e-13 5.846873244435361e-14 2.625693590151475e-14 1.181624974313985e-14 5.331093978099952e-15 2.349571363587745e-15 1.067778313638764e-15 4.569144405373685e-16 2.095500005536363e-16 2.305551267378102e-16 0 0 0 0 0 0 0 0 0 0 0 0 0 0
 1 3.643006868738503 0.08320278602570692 0.02995916092301396 0.01135453637263958 0.004335258933003776 0.001657400679799595 0.0006338104638701033 0.000242392222150613 9.270100478631416e-05 3.545289925425293e-05 1.355874350584113e-05 5.185459225760044e-06 1.983147532098265e-06 7.584427935183483e-07 2.900618655065671e-07 1.109324086185578e-07 4.242542969938768e-08 1.62253494136258e-08 6.20528692176444e-09 2.373174493699381e-09 9.07606172782825e-10 3.471085183350529e-10 1.327496491747582e-10 5.076931594922415e-11 1.941637864026546e-11 7.425691589692678e-12 2.83998818838955e-12 1.086136606364928e-12 4.15420739674009e-13 1.58908478129844e-13 6.075413375309996e-14 2.328906161566699e-14 8.942465699060246e-15 3.404558235263445e-15 1.294433873018199e-15 6.413880542394858e-16 3.224906463711943e-16 2.435541875787129e-16 0 0 0 0 0 0 0 0 0 0 0 0 0 0 0 0 0 0 0 0 0
 1 4.893379533210924 0.08827925480587699 0.03480148941518588 0.01504059580439682 0.00670853955389616 0.003036439533936733 0.001384102678352369 0.0006330333998813376 0.0002899790630330807 0.0001329303219751809 6.095772846090779e-05 2.795772008294863e-05 1.282349294945432e-05 5.882007223886764e-06 2.698059615200242e-06 1.237601033096882e-06 5.676899885560142e-07 2.604008986027229e-07 1.194466660995618e-07 5.479055892320024e-08 2.513260444948653e-08 1.152840680162823e-08 5.28811757653515e-09 2.425676828028737e-09 1.112665926996361e-09 5.103834036591786e-10 2.341145406067457e-10 1.073891128915942e-10 4.925971985411941e-11 2.259560614726925e-11 1.036468539574185e-11 4.754282019361779e-12 2.180812522791269e-12 1.000443048845505e-12 4.58917617467062e-13 2.104117607043476e-13 9.645930198581738e-14 4.423677598708084e-14 2.025258091190107e-14 9.256203578789711e-15 4.229151948976933e-15 1.926464897898273e-15 9.467458983897527e-16 5.642306441582291e-16 3.971569745646104e-16 0 0 0 0 0 0 0 0 0 0 0 0 0 0
 1 6.480194758696659 0.08666812021441139 0.03233279463035615 0.01298076840167673 0.005290362936325327 0.002166230474126282 0.0008885457770910868 0.0003647099913265825 0.0001497372145389929 6.148320237743242e-05 2.524646964195724e-05 1.036696548201468e-05 4.257016298758634e-06 1.748074810624977e-06 7.178192875916087e-07 2.947612511612188e-07 1.2103910983668e-07 4.970282518808106e-08 2.040969154192822e-08 8.380922243627859e-09 3.441495279485702e-09 1.413196431293703e-09 5.803071268384129e-10 2.382941304473956e-10 9.785182032104847e-11 4.01813906566463e-11 1.649993192063405e-11 6.775427277106503e-12 2.782263572150318e-12 1.142564009855732e-12 4.691941965439093e-13 1.926436485580608e-13 7.906088505485665e-14 3.246932306735835e-14 1.330590397232087e-14 5.416694539824759e-15 2.233246109139158e-15 9.278419505180256e-16 4.346650751376142e-16 2.585145432470619e-16 0 0 0 0 0 0 0 0 0 0 0 0 0 0 0 0 0 0 0
