# Created by Octave 3.8.1, Wed May 04 17:15:52 2016 PDT <adrian@adrian-270E5J>
# name: M
# type: matrix
# rows: 5
# columns: 5
 1.502928226093009 1.503046767643491 1.503048067573561 1.503048082289317 1.503048082472368
 1.502994159357935 1.50304748818525 1.503048075642118 1.503048082386582 1.503048082473801
 1.503011695248523 1.503047681314662 1.503048077857851 1.503048082415177 1.503048082474287
 1.503020823535072 1.503047781913655 1.50304807901435 1.503048082430192 1.503048082474547
 1.503026272303263 1.503047841988783 1.503048079705954 1.503048082439205 1.503048082474704


# name: eigenvalues
# type: matrix
# rows: 15
# columns: 1
 2.414213562373095
 3.631381260403638
 5.457705395965836
 8.203259193755018
 12.32988221531523
 18.53240737754881
 27.85509909631075
 41.86755331828085
 62.92894572518775
 94.58523120497355
 142.166150392841
 213.6825597408456
 321.1751616768831
 482.7417108971417
 725.5840028948094


